0.950415759693 -0.26515741632 -0.162485163314 0.0 0.291389090792 0.941837712328 0.16743393146 0.0 0.108638305833 -0.206478251173 0.972401383328 0.0 -0.720038245129 11.4038267517 -0.193304272652 1.0
0.950415759693 -0.26515741632 -0.162485163314 0.0 0.291389090792 0.941837712328 0.16743393146 0.0 0.108638305833 -0.206478251173 0.972401383328 0.0 -0.720038245129 11.3953198073 -0.193304272652 1.0
0.950415759693 -0.26515741632 -0.162485163314 0.0 0.291389090792 0.941837712328 0.16743393146 0.0 0.108638305833 -0.206478251173 0.972401383328 0.0 -0.720038245129 11.3697989739 -0.193304272652 1.0
0.950415759693 -0.26515741632 -0.162485163314 0.0 0.291389090792 0.941837712328 0.16743393146 0.0 0.108638305833 -0.206478251173 0.972401383328 0.0 -0.720038245129 11.3272642517 -0.193304272652 1.0
0.950415759693 -0.26515741632 -0.162485163314 0.0 0.291389090792 0.941837712328 0.16743393146 0.0 0.108638305833 -0.206478251173 0.972401383328 0.0 -0.720038245129 11.2677156406 -0.193304272652 1.0
0.950415759693 -0.26515741632 -0.162485163314 0.0 0.291389090792 0.941837712328 0.16743393146 0.0 0.108638305833 -0.206478251173 0.972401383328 0.0 -0.720038245129 11.1911531406 -0.193304272652 1.0
0.950415759693 -0.26515741632 -0.162485163314 0.0 0.291389090792 0.941837712328 0.16743393146 0.0 0.108638305833 -0.206478251173 0.972401383328 0.0 -0.720038245129 11.0975767517 -0.193304272652 1.0
0.950415759693 -0.26515741632 -0.162485163314 0.0 0.291389090792 0.941837712328 0.16743393146 0.0 0.108638305833 -0.206478251173 0.972401383328 0.0 -0.720038245129 10.9869864739 -0.193304272652 1.0
0.950415759693 -0.26515741632 -0.162485163314 0.0 0.291389090792 0.941837712328 0.16743393146 0.0 0.108638305833 -0.206478251173 0.972401383328 0.0 -0.720038245129 10.8593823073 -0.193304272652 1.0
0.950415759693 -0.26515741632 -0.162485163314 0.0 0.291389090792 0.941837712328 0.16743393146 0.0 0.108638305833 -0.206478251173 0.972401383328 0.0 -0.720038245129 10.7147642517 -0.193304272652 1.0
0.950415759693 -0.26515741632 -0.162485163314 0.0 0.291389090792 0.941837712328 0.16743393146 0.0 0.108638305833 -0.206478251173 0.972401383328 0.0 -0.720038245129 10.5531323073 -0.193304272652 1.0
0.950415759693 -0.26515741632 -0.162485163314 0.0 0.291389090792 0.941837712328 0.16743393146 0.0 0.108638305833 -0.206478251173 0.972401383328 0.0 -0.720038245129 10.3744864739 -0.193304272652 1.0
0.950415759693 -0.26515741632 -0.162485163314 0.0 0.291389090792 0.941837712328 0.16743393146 0.0 0.108638305833 -0.206478251173 0.972401383328 0.0 -0.720038245129 10.1788267517 -0.193304272652 1.0
0.950415759693 -0.26515741632 -0.162485163314 0.0 0.291389090792 0.941837712328 0.16743393146 0.0 0.108638305833 -0.206478251173 0.972401383328 0.0 -0.720038245129 9.96615314059 -0.193304272652 1.0
0.950415759693 -0.26515741632 -0.162485163314 0.0 0.291389090792 0.941837712328 0.16743393146 0.0 0.108638305833 -0.206478251173 0.972401383328 0.0 -0.720038245129 9.73646564059 -0.193304272652 1.0
0.950415759693 -0.26515741632 -0.162485163314 0.0 0.291389090792 0.941837712328 0.16743393146 0.0 0.108638305833 -0.206478251173 0.972401383328 0.0 -0.720038245129 9.4897642517 -0.193304272652 1.0
0.950415759693 -0.26515741632 -0.162485163314 0.0 0.291389090792 0.941837712328 0.16743393146 0.0 0.108638305833 -0.206478251173 0.972401383328 0.0 -0.720038245129 9.22604897392 -0.193304272652 1.0
0.950415759693 -0.26515741632 -0.162485163314 0.0 0.291389090792 0.941837712328 0.16743393146 0.0 0.108638305833 -0.206478251173 0.972401383328 0.0 -0.720038245129 8.94531980726 -0.193304272652 1.0
0.950415759693 -0.26515741632 -0.162485163314 0.0 0.291389090792 0.941837712328 0.16743393146 0.0 0.108638305833 -0.206478251173 0.972401383328 0.0 -0.720038245129 8.6475767517 -0.193304272652 1.0
0.950415759693 -0.26515741632 -0.162485163314 0.0 0.291389090792 0.941837712328 0.16743393146 0.0 0.108638305833 -0.206478251173 0.972401383328 0.0 -0.720038245129 8.33281980726 -0.193304272652 1.0
0.950415759693 -0.26515741632 -0.162485163314 0.0 0.291389090792 0.941837712328 0.16743393146 0.0 0.108638305833 -0.206478251173 0.972401383328 0.0 -0.720038245129 8.00104897392 -0.193304272652 1.0
0.950415759693 -0.26515741632 -0.162485163314 0.0 0.291389090792 0.941837712328 0.16743393146 0.0 0.108638305833 -0.206478251173 0.972401383328 0.0 -0.720038245129 7.6522642517 -0.193304272652 1.0
0.950415759693 -0.26515741632 -0.162485163314 0.0 0.291389090792 0.941837712328 0.16743393146 0.0 0.108638305833 -0.206478251173 0.972401383328 0.0 -0.720038245129 7.28646564059 -0.193304272652 1.0
0.950415759693 -0.26515741632 -0.162485163314 0.0 0.291389090792 0.941837712328 0.16743393146 0.0 0.108638305833 -0.206478251173 0.972401383328 0.0 -0.720038245129 6.90365314059 -0.193304272652 1.0
0.950415759693 -0.26515741632 -0.162485163314 0.0 0.291389090792 0.941837712328 0.16743393146 0.0 0.108638305833 -0.206478251173 0.972401383328 0.0 -0.720038245129 6.5038267517 -0.193304272652 1.0
0.950415759693 -0.26515741632 -0.162485163314 0.0 0.291389090792 0.941837712328 0.16743393146 0.0 0.108638305833 -0.206478251173 0.972401383328 0.0 -0.720038245129 6.08698647392 -0.193304272652 1.0
0.950415759693 -0.26515741632 -0.162485163314 0.0 0.291389090792 0.941837712328 0.16743393146 0.0 0.108638305833 -0.206478251173 0.972401383328 0.0 -0.720038245129 5.65313230726 -0.193304272652 1.0
0.950415759693 -0.26515741632 -0.162485163314 0.0 0.291389090792 0.941837712328 0.16743393146 0.0 0.108638305833 -0.206478251173 0.972401383328 0.0 -0.720038245129 5.2022642517 -0.193304272652 1.0
0.950415759693 -0.26515741632 -0.162485163314 0.0 0.291389090792 0.941837712328 0.16743393146 0.0 0.108638305833 -0.206478251173 0.972401383328 0.0 -0.720038245129 4.73438230726 -0.193304272652 1.0
0.950415759693 -0.26515741632 -0.162485163314 0.0 0.291389090792 0.941837712328 0.16743393146 0.0 0.108638305833 -0.206478251173 0.972401383328 0.0 -0.720038245129 4.24948647392 -0.193304272652 1.0
0.950415759693 -0.26515741632 -0.162485163314 0.0 0.291389090792 0.941837712328 0.16743393146 0.0 0.108638305833 -0.206478251173 0.972401383328 0.0 -0.720038245129 3.7475767517 -0.193304272652 1.0
0.950415759693 -0.26515741632 -0.162485163314 0.0 0.291389090792 0.941837712328 0.16743393146 0.0 0.108638305833 -0.206478251173 0.972401383328 0.0 -0.720038245129 3.22865314059 -0.193304272652 1.0
0.950415759693 -0.26515741632 -0.162485163314 0.0 0.291389090792 0.941837712328 0.16743393146 0.0 0.108638305833 -0.206478251173 0.972401383328 0.0 -0.720038245129 2.69271564059 -0.193304272652 1.0
0.950415759693 -0.26515741632 -0.162485163314 0.0 0.291389090792 0.941837712328 0.16743393146 0.0 0.108638305833 -0.206478251173 0.972401383328 0.0 -0.720038245129 2.1397642517 -0.193304272652 1.0
0.950415759693 -0.26515741632 -0.162485163314 0.0 0.291389090792 0.941837712328 0.16743393146 0.0 0.108638305833 -0.206478251173 0.972401383328 0.0 -0.720038245129 1.56979897392 -0.193304272652 1.0
0.988494878326 -0.040046937775 -0.145856498993 0.0 0.0368835265641 0.999023357953 -0.0243297293783 0.0 0.146688380562 0.0186701108263 0.989006544958 0.0 -0.79177832531 1.34152020816 -0.265044352833 1.0
0.979389163651 0.0951944229396 -0.178142886371 0.0 -0.124719798186 0.978768719158 -0.162655360618 0.0 0.158876801528 0.181520842436 0.970468106481 0.0 -0.852126171524 1.41505082017 -0.332100003671 1.0
0.976786876689 0.0194612923191 -0.213327578221 0.0 -0.0536866760995 0.986322003483 -0.15584173464 0.0 0.207376802796 0.163677009832 0.964471201288 0.0 -0.86728442558 1.69751550409 -0.362032467603 1.0
0.967015050546 -0.0556597627791 -0.248563639385 0.0 0.0179183601418 0.988280795266 -0.151591563346 0.0 0.254088221661 0.142137470483 0.956679734863 0.0 -0.882442679636 1.96296629911 -0.391964931535 1.0
0.950146172819 -0.129611492907 -0.283589688077 0.0 0.0895641429862 0.984630564154 -0.149936374591 0.0 0.298664551911 0.117062005112 0.947151504455 0.0 -0.897600933692 2.21140320525 -0.421897395467 1.0
0.926305377171 -0.201845322692 -0.318145900385 0.0 0.160719202623 0.97539838763 -0.150888446596 0.0 0.34077512546 0.0886366240074 0.935957190662 0.0 -0.912759187748 2.44282622249 -0.451829859399 1.0
0.895669515087 -0.271825420179 -0.351975937654 0.0 0.230855709436 0.960652750161 -0.154440716874 0.0 0.380107565255 0.0570721872005 0.923179833122 0.0 -0.927917441804 2.65723535085 -0.481762323331 1.0
0.858465843989 -0.339032671645 -0.38482884801 0.0 0.299453389453 0.940503035172 -0.160566834613 0.0 0.416370102492 0.022602840297 0.908914214523 0.0 -0.94307569586 2.85463059032 -0.511694787262 1.0
0.814970341433 -0.40296853239 -0.416460927925 0.0 0.366003383749 0.91509871364 -0.169221356154 0.0 0.449293740964 -0.0145157224172 0.893266157499 0.0 -0.958233949916 3.0350119409 -0.541627251194 1.0
0.765505657902 -0.463158724956 -0.446637530015 0.0 0.430012023172 0.884628235317 -0.180340082087 0.0 0.478634252481 -0.0540081547219 0.876351739643 0.0 -0.973392203972 3.19837940259 -0.571559715126 1.0
0.710438723381 -0.519156757323 -0.475134803658 0.0 0.491004490389 0.849317630804 -0.193840533487 0.0 0.504173988558 -0.095581500986 0.858296432435 0.0 -0.988550458028 3.34473297539 -0.601492179058 1.0
0.650178025461 -0.570547234998 -0.501741355524 0.0 0.548528342093 0.809428834852 -0.209622563743 0.0 0.525723494936 -0.138927369318 0.839234170495 0.0 -1.00370871208 3.47407265931 -0.63142464299 1.0
0.585170579173 -0.616948942419 -0.526259817694 0.0 0.602156865233 0.765257743325 -0.227569101448 0.0 0.543122916956 -0.183724219224 0.819306358054 0.0 -1.01886696614 3.58639845433 -0.661357106922 1.0
0.515898611017 -0.658017670815 -0.548508311738 0.0 0.65149224238 0.71713201824 -0.247547018836 0.0 0.556243185369 -0.229639746799 0.798660820011 0.0 -1.0340252202 3.68171036047 -0.691289570854 1.0
0.4428759818 -0.693448771563 -0.568321797895 0.0 0.696168502747 0.665408657161 -0.269408119326 0.0 0.564986973768 -0.276333349768 0.777450705369 0.0 -1.04918347425 3.76000837772 -0.721222034786 1.0
0.366644374807 -0.722979416066 -0.585553299339 0.0 0.735854236966 0.610471344986 -0.29299023685 0.0 0.56928942056 -0.323458654074 0.755833351172 0.0 -1.06434172831 3.82129250607 -0.751154498717 1.0
0.28776927758 -0.74639054543 -0.600074992458 0.0 0.770255055489 0.552727607767 -0.318118438803 0.0 0.569118610111 -0.370666083294 0.733969115372 0.0 -1.07949998236 3.86556274554 -0.781086962649 1.0
0.206835787126 -0.763508495442 -0.611779155049 0.0 0.799115772373 0.492605789669 -0.344606323692 0.0 0.564475809497 -0.417605451799 0.712020187298 0.0 -1.09465823642 3.89281909612 -0.811019426581 1.0
0.124444269652 -0.774206284815 -0.620578965406 0.0 0.822222298261 0.430551875509 -0.372257403872 0.0 0.555395459103 -0.463928562441 0.690149384524 0.0 -1.10981649048 3.90306155781 -0.840951890513 1.0
0.041205907035 -0.77840455714 -0.626409146365 0.0 0.839403228494 0.367026182428 -0.400866563093 0.0 0.541944917145 -0.509291789485 0.66851894509 0.0 -1.12497474453 3.89629013062 -0.870884354445 1.0
-0.04226183693 -0.77607216955 -0.62922644953 0.0 0.850531114596 0.302499945254 -0.430221578056 0.0 0.524223960005 -0.553358627628 0.647289324017 0.0 -1.14013299859 3.87250481453 -0.900816818377 1.0
-0.125339796895 -0.767226423744 -0.629009976092 0.0 0.855523409693 0.23745182087 -0.460104692687 0.0 0.502364042086 -0.59580218821 0.626618003048 0.0 -1.15529125264 3.83170560956 -0.930749282309 1.0
-0.207411698938 -0.751932937634 -0.625761331855 0.0 0.854343080842 0.172364337526 -0.490294233462 0.0 0.476527320687 -0.636307624071 0.606658322442 0.0 -1.1704495067 3.77389251569 -0.960681746241 1.0
-0.287868732091 -0.730305158598 -0.619504615325 0.0 0.846998883746 0.107720315442 -0.52056625378 0.0 0.446905453108 -0.674574465101 0.5875583435 0.0 -1.18560776076 3.69906553294 -0.990614210173 1.0
-0.366114064519 -0.702503521923 -0.610286238946 0.0 0.833545297801 0.0439992852293 -0.550696195205 0.0 0.41371817494 -0.710318847128 0.569459750236 0.0 -1.20076601481 3.6072246613 -1.0205466741 1.0
-0.441567270823 -0.668734260689 -0.598174584815 0.0 0.814082121969 -0.0183260692692 -0.580460553246 0.0 0.377211670058 -0.743275617631 0.552496798368 0.0 -1.21592426887 3.49836990077 -1.05047913804 1.0
-0.513668637651 -0.629247875934 -0.583259497417 0.0 0.788753734469 -0.078793417362 -0.609638535316 0.0 0.337656744425 -0.773200302647 0.536795319402 0.0 -1.23108252292 3.37250125135 -1.08041160197 1.0
-0.581883315661 -0.584337278427 -0.56565161716 0.0 0.75774802177 -0.136954211084 -0.638013698575 0.0 0.295346817248 -0.799870920278 0.522471787215 0.0 -1.24624077698 3.22961871304 -1.1103440659 1.0
-0.645705287045 -0.534335615855 -0.545481559643 0.0 0.721294984853 -0.192377012537 -0.665375555512 0.0 0.250595744391 -0.823089627365 0.509632454046 0.0 -1.26139903104 3.06972228584 -1.14027652983 1.0
-0.704661119179 -0.479613801523 -0.522898946744 0.0 0.679665033055 -0.244650694302 -0.691521135338 0.0 0.203735490183 -0.842684187087 0.498372562321 0.0 -1.27655728509 2.89281196975 -1.17020899376 1.0
-0.758313476551 -0.420577762915 -0.498071296727 0.0 0.633166978168 -0.293387489189 -0.716256489635 0.0 0.1551136649 -0.858509246618 0.488775638133 0.0 -1.29171553915 2.69888776478 -1.2001414577 1.0
-0.806264364932 -0.357665430512 -0.47118278158 0.0 0.582145743668 -0.338225866707 -0.739398131063 0.0 0.105090946189 -0.87044741536 0.480912871654 0.0 -1.3068737932 2.48794967091 -1.23007392163 1.0
-0.848158083698 -0.291343489222 -0.442432860834 0.0 0.526979806064 -0.378833214899 -0.760774394476 0.0 0.0540384035504 -0.878410135744 0.474842589038 0.0 -1.32203204726 2.25999768816 -1.26000638556 1.0
-0.88368386443 -0.222103916493 -0.412034801958 0.0 0.468078387355 -0.414908307666 -0.780226710336 0.0 0.00233474573803 -0.882338340155 0.47060981976 0.0 -1.33719030132 2.01503181652 -1.28993884949 1.0
-0.912578176194 -0.150460332824 -0.380214098346 0.0 0.40587841941 -0.446183539268 -0.797610780985 0.0 -0.0496364885085 -0.882202889098 0.468245962584 0.0 -1.35234855537 1.75305205599 -1.31987131342 1.0
-0.934626680424 -0.0769441917126 -0.347206796595 0.0 0.340841302803 -0.47242690943 -0.812797651049 0.0 -0.101489775562 -0.878004787349 0.467768552649 0.0 -1.36750680943 1.47405840657 -1.34980377736 1.0
-0.941259896102 0.0153213697871 -0.337335239218 0.0 0.297524178576 -0.434860781517 -0.849926740291 0.0 -0.159715907639 -0.900367345213 0.404758536069 0.0 -1.37014913091 1.42859929335 -1.32974789302 1.0
-0.932084497195 -0.0141328425107 -0.361965126567 0.0 0.341583979929 -0.366902932254 -0.865276038591 0.0 -0.120577256329 -0.930151869893 0.346812087722 0.0 -1.39115529627 1.53666591571 -1.27575344051 1.0
-0.9207188928 -0.0415348463469 -0.388009764028 0.0 0.382257270422 -0.29592056929 -0.875391567175 0.0 -0.0784608160251 -0.95430910779 0.288336655905 0.0 -1.41216146163 1.62771864917 -1.221758988 1.0
-0.907243382325 -0.066691043152 -0.415285142994 0.0 0.419256688193 -0.222415191859 -0.880201858573 0.0 -0.0336641446223 -0.972668385008 0.229745376826 0.0 -1.43316762698 1.70175749375 -1.16776453548 1.0
-0.891753171931 -0.089423701263 -0.443598559515 0.0 0.452320827748 -0.146906124606 -0.879672927478 0.0 0.013496263817 -0.985099990968 0.171452205169 0.0 -1.45417379234 1.75878244944 -1.11377008297 1.0
-0.874357701882 -0.109572211619 -0.47274997578 0.0 0.481216086823 -0.069926848494 -0.873808510855 0.0 0.0626872151343 -0.991516094827 0.113868989449 0.0 -1.47517995769 1.79879351624 -1.05977563045 1.0
-0.855179873342 -0.126994222486 -0.5025334334 0.0 0.505738316815 0.00797876830422 -0.862650041535 0.0 0.113561169133 -0.99187136601 0.0574025622577 0.0 -1.49618612305 1.82179069415 -1.00578117794 1.0
-0.834355180058 -0.141566645187 -0.53273850854 0.0 0.525714265115 0.0862603129047 -0.846276355496 0.0 0.165758694992 -0.986163294484 0.00245186593413 0.0 -1.51719228841 1.82777398318 -0.951786725425 1.0
-0.812030751079 -0.153186523742 -0.563151798582 0.0 0.541002799161 0.164364716446 -0.824803134868 0.0 0.218911010692 -0.974432208484 -0.0505948660089 0.0 -1.53819845376 1.81674338331 -0.89779227291 1.0
-0.788364311278 -0.16177176226 -0.593558429844 0.0 0.551495903555 0.241740161592 -0.798382090628 0.0 0.272642588503 -0.956760989594 -0.101362851804 0.0 -1.55920461912 1.78869889456 -0.843797820396 1.0
-0.763523066998 -0.167261704964 -0.62374357569 0.0 0.557119443209 0.317839981186 -0.767199890745 0.0 0.326573808136 -0.933274487175 -0.14949340931 0.0 -1.58021078448 1.74364051691 -0.789803367882 1.0
-0.737682524725 -0.169617564723 -0.653493974305 0.0 0.557833687114 0.392126520526 -0.731476841343 0.0 0.380323638809 -0.904138636293 -0.194646490144 0.0 -1.60121694983 1.68156825038 -0.735808915367 1.0
-0.711025251106 -0.168822697096 -0.682599435419 0.0 0.553633589048 0.464074935961 -0.691465330216 0.0 0.433512331274 -0.869559285361 -0.236503082168 0.0 -1.62222311519 1.60248209496 -0.681814462853 1.0
-0.691280382946 -0.147641516691 -0.707342501694 0.0 0.554289458945 0.519656758349 -0.650169246585 0.0 0.463567285145 -0.841521738312 -0.277392386507 0.0 -1.63606459345 1.54220548614 -0.62065532324 1.0
-0.689146607587 -0.0805017480669 -0.720136391116 0.0 0.578465016297 0.53741485578 -0.613647698364 0.0 0.436411707189 -0.839466938804 -0.32379017972 0.0 -1.63148259059 1.55703239398 -0.541072702518 1.0
-0.684533609986 -0.0128374303459 -0.728868257768 0.0 0.602893780854 0.552092112541 -0.575945646983 0.0 0.409796078321 -0.833684292555 -0.370185999925 0.0 -1.62690058774 1.55484541293 -0.461490081796 1.0
-0.677464003102 0.055019745342 -0.733495297956 0.0 0.627456002578 0.563616580578 -0.537247908256 0.0 0.383850868607 -0.824202146151 -0.416352414368 0.0 -1.62231858489 1.53564454299 -0.381907461073 1.0
-0.667972442214 0.122737142475 -0.733994829886 0.0 0.652031277225 0.571931766841 -0.497744178869 0.0 0.358703261711 -0.811066981164 -0.462063114848 0.0 -1.61773658204 1.49942978417 -0.302324840351 1.0
-0.664413909401 0.112988903569 -0.738774434225 0.0 0.652304542222 0.570128958812 -0.499451453617 0.0 0.364764226852 -0.813748411976 -0.452504785406 0.0 -1.62002936157 1.54454023237 -0.242410038813 1.0
-0.66078680529 0.103212334949 -0.743443348123 0.0 0.65259506646 0.56831157806 -0.501140329125 0.0 0.370783598864 -0.816314378262 -0.442888652661 0.0 -1.62232214109 1.57263679169 -0.182495237274 1.0
-0.657091623282 0.0934087665348 -0.748000936461 0.0 0.652902810418 0.566479871805 -0.502810575653 0.0 0.376760558924 -0.81876453097 -0.433216024709 0.0 -1.62461492062 1.58371946211 -0.122580435735 1.0
-0.653328866037 0.0835795319171 -0.752446579265 0.0 0.653227732233 0.564634089216 -0.504461965996 0.0 0.382694293979 -0.821098536803 -0.423488217329 0.0 -1.62690770015 1.57778824365 -0.0626656341968 1.0
-0.649499045407 0.0737259681799 -0.756779671788 0.0 0.653569787706 0.562774481379 -0.506094275512 0.0 0.388583996856 -0.823316078262 -0.413706553807 0.0 -1.62920047967 1.5548431363 -0.00275083265827 1.0
-0.645602682368 0.0638494157158 -0.760999624594 0.0 0.653928930307 0.560901301257 -0.507707282157 0.0 0.394428866371 -0.825416853693 -0.403872364755 0.0 -1.6314932592 1.51488414005 0.0571639688803 1.0
-0.641640306947 0.0539512180448 -0.765105863637 0.0 0.654305111181 0.559014803662 -0.509300766511 0.0 0.400228107438 -0.827400577325 -0.393986987931 0.0 -1.63378603873 1.45791125492 0.117078770419 1.0
-0.633597858046 0.00511457320202 -0.773645652363 0.0 0.652260293295 0.541306017402 -0.530607487052 0.0 0.416065216127 -0.840810107376 -0.34630636619 0.0 -1.64442386874 1.43171988281 0.167434491577 1.0
-0.621047317932 -0.0208992480594 -0.783494384358 0.0 0.661155134711 0.522883546878 -0.538021081603 0.0 0.420920558698 -0.852147884956 -0.310917779213 0.0 -1.65167820086 1.40543211121 0.215794096617 1.0
-0.597462962715 0.0119636954919 -0.801807257497 0.0 0.696152249312 0.504015913049 -0.511214245862 0.0 0.398007605408 -0.863611503735 -0.309459394192 0.0 -1.65023210986 1.40563256635 0.259020831637 1.0
-0.574941459619 0.0330535572825 -0.817526623641 0.0 0.724937094864 0.483846907333 -0.490263580897 0.0 0.379352773157 -0.874528234316 -0.302145396925 0.0 -1.64711569227 1.39717076554 0.300577240071 1.0
-0.558974792407 0.0251015641511 -0.828804616861 0.0 0.740930344644 0.46384872893 -0.485660973372 0.0 0.372249117983 -0.885558732184 -0.277878257539 0.0 -1.63970414918 1.39317070339 0.337838522995 1.0
-0.542952500126 0.0150066733998 -0.839629312471 0.0 0.756382969887 0.443091567982 -0.481201273115 0.0 0.364811438241 -0.896350747273 -0.251928466815 0.0 -1.63227848045 1.37334665269 0.375066672114 1.0
-0.527531625303 -0.00322065460331 -0.849529288306 0.0 0.770284514207 0.419932497533 -0.479915059868 0.0 0.358290596412 -0.907549626687 -0.219046852575 0.0 -1.62453022087 1.34243563805 0.411464362765 1.0
-0.503985904985 0.00604473066886 -0.863690725207 0.0 0.797012901804 0.388581298246 -0.462358096081 0.0 0.332819233121 -0.921394614638 -0.200657225588 0.0 -1.60944691015 1.33419472029 0.440236395274 1.0
-0.481149359807 0.00662462748182 -0.876613602374 0.0 0.820817540869 0.354532433812 -0.447845194211 0.0 0.307821146381 -0.93502024988 -0.176020663998 0.0 -1.59354521863 1.31435108351 0.46833862 1.0
-0.45922907476 -0.00113579909664 -0.888317154431 0.0 0.842164497914 0.317582110376 -0.435775815784 0.0 0.282608590365 -0.948230095035 -0.144886409032 0.0 -1.57688758361 1.28284987338 0.495672032325 1.0
-0.43244165225 0.00204400557617 -0.901659602866 0.0 0.868263756843 0.270589989853 -0.415811382653 0.0 0.243130142006 -0.962692515517 -0.118789118255 0.0 -1.55702332783 1.25349989472 0.519866893248 1.0
-0.405505263297 0.000326822155672 -0.914092651007 0.0 0.891936275912 0.218979103792 -0.395598068518 0.0 0.200037899287 -0.975729493912 -0.0890886836761 0.0 -1.53611505281 1.21320861933 0.54326685119 1.0
-0.377016733722 0.000757252028851 -0.926206137457 0.0 0.914403719605 0.159438744734 -0.372082147179 0.0 0.14739138396 -0.987207533018 -0.0608035088401 0.0 -1.51366159868 1.16557096627 0.565416776768 1.0
-0.348106715317 0.000862244241525 -0.937454516916 0.0 0.933421347223 0.0929839769539 -0.346523546933 0.0 0.0868694612633 -0.995667231842 -0.0331731839761 0.0 -1.49012546766 1.10768491756 0.58704604352 1.0
-0.318499427283 0.000729403195257 -0.947922772588 0.0 0.947736567751 0.0200799038516 -0.318421411982 0.0 0.018801940537 -0.999798112337 -0.0070867199574 0.0 -1.46541100863 1.03878290479 0.60822579508 1.0
-0.305545821753 0.00073389267141 -0.952177090783 0.0 0.952012999799 0.0188157929427 -0.305478663986 0.0 0.0176917784321 -0.999822697951 -0.00644776228023 0.0 -1.45623698668 1.03782023474 0.624152954622 1.0
-0.302197763934 0.000749636972812 -0.953244957772 0.0 0.951820862805 0.0548840848892 -0.301703136136 0.0 0.0520918093569 -0.998492451284 -0.0172993678393 0.0 -1.45753046514 1.07257398832 0.637121305988 1.0
-0.298101530768 0.000467983819135 -0.954534053004 0.0 0.951455837959 0.0803922264743 -0.29710078818 0.0 0.076598079405 -0.99676319701 -0.0244103117106 0.0 -1.45988014047 1.09663455157 0.650066483038 1.0
-0.293186772995 0.000186305819443 -0.956055166521 0.0 0.951730902279 0.0950602188967 -0.291842156706 0.0 0.0908284415146 -0.99547150641 -0.0280477118242 0.0 -1.46346494695 1.11029248659 0.662697036781 1.0
-0.287926793623 -9.53704822532e-005 -0.95765241733 0.0 0.952912601116 0.0993411651516 -0.286511618508 0.0 0.095161631699 -0.995053427616 -0.0285121034226 0.0 -1.46752222369 1.11443698338 0.674391191049 1.0
-0.282211365212 0.00131150361069 -0.959351356544 0.0 0.955058573204 0.0948888819532 -0.28081884166 0.0 0.090663482698 -0.995487006465 -0.0280312836866 0.0 -1.47085788545 1.10933397277 0.684940695402 1.0
-0.276224067332 0.000880304860741 -0.961092862157 0.0 0.957883225158 0.0819149743765 -0.275226568366 0.0 0.0784856138911 -0.996638932631 -0.0234701166568 0.0 -1.47299629401 1.09530056121 0.694425707869 1.0
-0.268975569123 7.2905739346e-005 -0.963146997036 0.0 0.961490913877 0.0586372962497 -0.268508640495 0.0 0.0564567599762 -0.99827935077 -0.0158420983365 0.0 -1.4741720096 1.07310787896 0.703167218026 1.0
-0.261603417416 -0.000176034354681 -0.965175435353 0.0 0.964852768834 0.0258084205254 -0.261520668216 0.0 0.0249556901385 -0.99966689174 -0.00658172377304 0.0 -1.47427888117 1.0419155568 0.711557961681 1.0
-0.256213415618 -0.000313451338307 -0.96662018777 0.0 0.966613337489 0.00369564401885 -0.256212798282 0.0 0.00365259435994 -0.999993121958 -0.000643887332717 0.0 -1.47691450814 1.02035010945 0.71922209348 1.0
-0.255637510733 -0.000164084951065 -0.966772691062 0.0 0.966554680036 0.0211930470631 -0.255583460452 0.0 0.0205307965406 -0.999775388691 -0.00525914071868 0.0 -1.48993797412 1.03777913671 0.725786726432 1.0
-0.254490558569 -1.47149754195e-005 -0.967075258386 0.0 0.966671322521 0.02889599168 -0.254384700561 0.0 0.0279483418849 -0.999582423539 -0.00733953251829 0.0 -1.50260142787 1.04543845734 0.73157404835 1.0
-0.253211671386 0.00013465243562 -0.967410890647 0.0 0.967050002761 0.0273476891079 -0.253113405532 0.0 0.0264223699405 -0.999625972936 -0.0070549697058 0.0 -1.51380182121 1.04408304969 0.73679832782 1.0
-0.251861048179 0.000284019688949 -0.967763365572 0.0 0.967631365881 0.016592404918 -0.251821825626 0.0 0.0159859992698 -0.999862296235 -0.00445380685402 0.0 -1.52346870095 1.03371343447 0.741551601889 1.0
-0.250460856403 0.000433386880382 -0.968126629933 0.0 0.968121178281 -0.00327353097347 -0.250460911437 0.0 -0.00327773898239 -0.999994548071 0.00040032035379 0.0 -1.53161946287 1.01412909657 0.745870769341 1.0
-0.250508622257 0.000343740134611 -0.96811430731 0.0 0.968093433357 0.00666530345315 -0.250500854334 0.0 0.00636666843817 -0.999977727538 -0.00200248855207 0.0 -1.54491635601 1.02414073841 0.749185988258 1.0
-0.250609247389 0.000254084615087 -0.968088291719 0.0 0.968062621024 0.00735288263678 -0.250600672172 0.0 0.00705456581572 -0.999972934913 -0.00208867020219 0.0 -1.55671340424 1.02491316555 0.75210250744 1.0
-0.250702029053 0.000164429071082 -0.968064287944 0.0 0.968063538374 -0.00121338095263 -0.250702041032 0.0 -0.00121585347164 -0.999999250335 0.000145019278476 0.0 -1.5670015765 1.01646285798 0.754622397271 1.0
-0.250756324907 0.000218185190421 -0.968050214562 0.0 0.968048380446 0.00201613292454 -0.250755395403 0.0 0.0018970067965 -0.9999979438 -0.000716771902908 0.0 -1.573840793 1.01974486257 0.756398787779 1.0
-0.250705696392 0.000247924779821 -0.968063320413 0.0 0.968063247339 -0.00040115326351 -0.250705780204 0.0 -0.000450497935625 -0.999999888805 -0.000139435459161 0.0 -1.57908937484 1.01737703858 0.757639794436 1.0
-0.25089368962 0.00021591447295 -0.968014622766 0.0 0.968014645285 -8.23461846045e-007 -0.25089369564 0.0 -5.49687031689e-005 -0.99999997669 -0.000208801770564 0.0 -1.58291650991 1.01779991731 0.758669630982 1.0
-0.250904556737 0.000192893752804 -0.968011810982 0.0 0.968011821573 -8.35187873958e-005 -0.250904576125 0.0 -0.000129245097922 -0.999999977908 -0.000165768188691 0.0 -1.5839566203 1.01773421277 0.758906480391 1.0
-0.250904556737 0.000192893752804 -0.968011810982 0.0 0.968011821573 -8.35187873958e-005 -0.250904576125 0.0 -0.000129245097922 -0.999999977908 -0.000165768188691 0.0 -1.5839566203 1.01773421277 0.758906480391 1.0
-0.25090601077 0.000120173487736 -0.968011445861 0.0 0.968011384763 -0.000345210051879 -0.250906037789 0.0 -0.000364319535101 -0.999999933194 -2.97140272807e-005 0.0 -1.58378197916 1.01752614842 0.758784190968 1.0
-0.25090601077 0.000120173487736 -0.968011445861 0.0 0.968011384763 -0.000345210051879 -0.250906037789 0.0 -0.000364319535101 -0.999999933194 -2.97140272807e-005 0.0 -1.58378197916 1.01752614842 0.758784190968 1.0
-0.25090601077 0.000120173487736 -0.968011445861 0.0 0.968011384763 -0.000345210051879 -0.250906037789 0.0 -0.000364319535101 -0.999999933194 -2.97140272807e-005 0.0 -1.58378197916 1.01752614842 0.758784190968 1.0
-0.250908450174 4.9504952382e-005 -0.968010819764 0.0 0.968010639525 -0.000599545285335 -0.250908434117 0.0 -0.000592787533226 -0.999999819047 0.000102509657737 0.0 -1.58358263795 1.01732392447 0.75865949157 1.0
-0.250908450174 4.9504952382e-005 -0.968010819764 0.0 0.968010639525 -0.000599545285335 -0.250908434117 0.0 -0.000592787533226 -0.999999819047 0.000102509657737 0.0 -1.58358263795 1.01732392447 0.75865949157 1.0
-0.250910905721 -2.11630105305e-005 -0.968010184317 0.0 0.968009836175 -0.000853880364232 -0.250910796814 0.0 -0.00082125486093 -0.99999963522 0.000234733897924 0.0 -1.58338329674 1.01712170051 0.758534792172 1.0
-0.250910905721 -2.11630105305e-005 -0.968010184317 0.0 0.968009836175 -0.000853880364232 -0.250910796814 0.0 -0.00082125486093 -0.99999963522 0.000234733897924 0.0 -1.58338329674 1.01712170051 0.758534792172 1.0
-0.250910905721 -2.11630105305e-005 -0.968010184317 0.0 0.968009836175 -0.000853880364232 -0.250910796814 0.0 -0.00082125486093 -0.99999963522 0.000234733897924 0.0 -1.58338329674 1.01712170051 0.758534792172 1.0
-0.250910905721 -2.11630105305e-005 -0.968010184317 0.0 0.968009836175 -0.000853880364232 -0.250910796814 0.0 -0.00082125486093 -0.99999963522 0.000234733897924 0.0 -1.58338329674 1.01712170051 0.758534792172 1.0